$ANSIBLE_VAULT;1.1;AES256
64393463623636616462663335363663393863663031333363656435313739323764316430333236
6539326664383762366537303463666134626566303063370a326635386165356135386363366664
33663134343038366435653866383731356338636266353134353537666266663139313164313265
3365383731636138380a306232333932613132316435323661393530393361333637336535353533
39626236646362646139363365663461626333303765633138393566306336616363356666653065
37633065393737323133636538326331306162376534626136613038373430346462623038653463
35323237316262613064643430343138643866386438373335303932653933363137353330623435
31316333323265306531633865376665633336316136643535373262666437663461373737376237
38653130653334646265623032343032353661336661356562363765616366303762366634346132
61313931396435633862363330343266306533313165386166656234346561316531393662653366
363663333563383934313965613333333564
